20 200
12 30 87 74 76 3 98 87 35 74 6 98 97 23 61 67 84 57 36 24 75 56 82 63 12 61 45 53 43 42 86 14 21 43 53 89 64 37 85 52 98 71 5 59 12 41 33 42 15 99 52 66 1 85 70 60 53 7 25 67 47 80 97 64 81 57 98 7 27 35 71 17 37 57 90 63 16 4 81 78 31 91 21 40 71 2 71 53 12 29 15 60 16 83 20 64 92 38 66 91 35 54 62 61 32 59 71 19 50 25 77 66 96 18 9 36 99 54 44 65 35 1 37 93 39 76 75 85 63 20 58 69 62 45 43 71 98 70 49 59 42 25 90 31 74 50 30 100 53 6 41 96 61 91 49 50 85 84 20 64 5 17 65 76 43 13 57 13 68 59 2 93 19 53 84 20 10 61 34 44 80 89 51 84 11 43 87 69 49 41 81 92 98 63 70 5 80 9 31 81
3 24 59 192
4 26 163 181 195
1 114
2 77 178
1 12
3 15 76 92
3 38 63 111
4 44 47 145 175
2 21 157
4 62 128 159 175
2 60 119
3 66 118 171
1 120
3 41 140 174
1 114
3 77 151 164
4 65 78 117 177
2 99 124
1 61
4 76 92 147 148